image_0.png,0.7821,8.295445035357998,2.205309608624718
image_1.png,0.6901,2.16862221796682,3.5318828163878386
image_2.png,0.1971,0.0025210082660394252,339.2090594272032
image_3.png,0.3980,0.0008515490393212933,476.7411729603277
image_4.png,0.5590,3.1535543816393923,4.694168190363939
image_5.png,0.3958,0.04794264479932658,37.26857366017415
image_6.png,0.3170,0.0002075354698340556,830.2182620695538
image_7.png,0.6940,3.4502719568787343,3.465606185472207
image_8.png,0.6404,1.9245860275142124,4.322261251029502
image_9.png,0.4320,0.013723698372602731,136.6355327929209
image_10.png,0.5312,1.5064757037457153,7.37086140311175
image_11.png,0.5964,3.7723131813333444,5.129995620774769
image_12.png,0.4807,0.5613394585624517,10.455537753746961
image_13.png,0.2348,0.0016141000970990348,402.5331477240882
image_14.png,0.6486,5.853079847118902,3.1055454521557877
image_15.png,0.2441,0.011443310936779723,142.36036555345387
image_16.png,0.3279,0.014995893109556605,157.382562835365
image_17.png,0.2253,0.027013767935521512,131.52183176322856
image_18.png,0.4393,0.6397756927353326,17.118755103650308
image_19.png,0.2418,0.006115885452222066,167.2874058144611
image_20.png,0.7893,18.70097520585817,1.6791739543095663
image_21.png,0.3805,0.0034867472044471546,309.7753051552264
image_22.png,0.2246,0.06193011417605357,75.28079222107382
image_23.png,0.7278,4.735207083587139,3.0301830194521377
image_24.png,0.2915,0.04359994676595158,53.49948108838792
image_25.png,0.2609,0.4787542757280752,21.797287344106742
image_26.png,0.7628,5.427202854599577,2.840503517686943
image_27.png,0.6845,4.702833902059618,2.843530922552342
image_28.png,0.7867,8.456126890539482,2.2766165626059296
image_29.png,0.6954,2.539584922274087,3.7099788402772482
image_30.png,0.1750,0.05676930061098964,85.51921215381469
image_31.png,0.5329,2.443987496143604,5.257975397192072
image_32.png,0.6058,2.3255468684456115,4.379002798691302
image_33.png,0.3148,0.0008782530171795919,468.2339943831117
image_34.png,0.3964,0.0015274904169924781,361.4166161058152
image_35.png,0.2081,0.014247992016276684,179.18403981895497
image_36.png,0.2714,0.007539056562745698,167.62435685852776
image_37.png,0.4957,1.983966390129262,7.143854967009644
image_38.png,0.3187,-1.1352526025729783e-13,-317572368966746.9
image_39.png,0.6222,1.9763003994570014,4.44722549631748
image_40.png,0.7175,3.7628359156253897,3.2569308871454337
image_41.png,0.4616,1.0818148334451452,9.958091920606007
image_42.png,0.5038,0.31679150737629336,12.928062398039081
image_43.png,0.2224,0.0008983173001670569,602.9139134668806
image_44.png,0.6041,2.787841038382489,5.493925612782227
image_45.png,0.6486,4.937192565652302,3.0729911827977334
image_46.png,0.4484,0.5481551359246216,21.69245292156137
image_47.png,0.7682,3.95530567085285,2.9336377234650555
image_48.png,0.6981,5.309972700698702,2.55877077542145
image_49.png,0.2457,0.007786604864981385,202.5387389279373
image_50.png,0.2618,0.000563902928504247,647.6521565623651
image_51.png,0.2675,0.0036122306539374412,299.46689103623874
image_52.png,0.5527,1.7363450450209126,6.394438367231633
image_53.png,0.6109,2.821542166540566,4.591836912674577
image_54.png,0.3959,0.12152951111875179,39.10370958647223
image_55.png,0.1852,1.4593108091240984e-15,-3116178870486204.0
image_56.png,0.4900,0.9929154025047129,7.989107823107488
image_57.png,0.5835,1.2716945856349704,6.825061962487485
image_58.png,0.7148,11.112369592261187,2.47714589392469
image_59.png,0.5986,1.3907512285098853,4.651482961675172
image_60.png,0.6688,2.535181760447149,4.201340097021867
image_61.png,0.4539,0.3436448411807113,18.60749145907818
image_62.png,0.6369,2.9078015186975583,3.445432605344702
image_63.png,0.5209,1.437370926282522,7.607957034896151
image_64.png,0.2794,0.025884517926347276,116.80763818053636
image_65.png,0.7282,2.2804230288016725,4.047993298930526
image_66.png,0.7496,2.4934271489573647,3.124224647742513
1\image_67.png,Error:Must specify either pores or throats
image_68.png,0.4455,2.038004079988208,6.521656684531098
image_69.png,0.3954,0.10209043621399806,32.28358365487621
image_70.png,0.3975,0.11301639656007494,36.521842798173935
image_71.png,0.2856,0.0008693906818582439,398.1541863733901
image_72.png,0.5777,1.5598238318915019,6.714800514043016
image_73.png,0.5311,1.9028711786031742,6.349877264881212
image_74.png,0.7529,5.625389502016858,2.5484003228609042
image_75.png,0.6558,4.579280074057482,3.5694531442190423
image_76.png,0.7690,7.7776677515561135,2.6070671678236232
image_77.png,0.2761,0.01314886715851805,92.62675428545894
image_78.png,0.2290,0.017433516297010426,159.49115882152842
image_79.png,0.7744,3.907687623980362,2.604631347995633
image_80.png,0.6296,2.2070205883449248,4.71851731720823
image_81.png,0.4182,0.7556968426509699,15.01983253367637
image_82.png,0.6161,6.358543625016681,3.306941936216314
image_83.png,0.4330,0.33420809627003734,20.215084079731522
image_84.png,0.3450,5.6439990025773e-05,1632.7688874880175
image_85.png,0.5662,1.9104044349857043,6.353285376674156
image_86.png,0.3574,0.009818579943662717,124.04111008311156
image_87.png,0.2634,0.0831738450365273,68.6148321831248
image_88.png,0.6517,2.8296525776279697,3.9773008393916753
image_89.png,0.3184,0.0005773099993594873,625.7923899541819
image_90.png,0.3532,0.03448548495807975,92.27610839616264
image_91.png,0.3410,0.004936700279828552,202.69912719026436
image_92.png,0.4232,0.19763325532288406,35.50438360800609
image_93.png,0.3771,0.0232887782018906,100.92235704320234
image_94.png,0.5568,3.7938553507748902,4.093672006797053
image_95.png,0.3042,0.0002929196288031805,615.8363769294695
image_96.png,0.4707,0.003484900150621819,191.8457242316041
image_97.png,0.4244,0.05782926686756576,47.379850473395635
image_98.png,0.6299,4.1640248641602025,4.015001560100043
image_99.png,0.3333,0.00019547552066874165,976.3221575612425
image_100.png,0.4611,0.42829805364392215,15.374988741426225
image_101.png,0.1945,0.009672223330861419,219.95282515446695
image_102.png,0.6958,3.7290090985178446,3.3335429805727004
image_103.png,0.7390,3.5103241623824397,3.060884397494698
image_104.png,0.3689,0.004003384779818379,270.9666011832983
image_105.png,0.7356,6.48792536707982,2.785968662916503
image_106.png,0.2354,0.013389201418082317,167.88774575700262
image_107.png,0.2813,0.004813310163232253,304.3565756345704
image_108.png,0.7392,11.852557804736955,2.2395405610201062
image_109.png,0.7970,6.7086868738762355,2.447887341695024
image_110.png,0.7548,7.1319251723921075,2.1799181243367594
image_111.png,0.5348,2.1339144373652537,6.440005586564727
image_112.png,0.6733,4.5426043497808095,3.5093844556806815
image_113.png,0.4784,0.0020943684370216768,250.8102637897817
image_114.png,0.6541,5.200502118521779,3.023994126937157
image_115.png,0.3748,0.0006625558138295195,384.4400812675554
image_116.png,0.4455,1.9734513877479254,9.292313388183185
image_117.png,0.2621,-1.2586555728695348e-15,-755437301936049.5
image_118.png,0.4016,0.0010600342069434418,313.6182116110213
image_119.png,0.6176,3.9120772765125382,4.224580187096259
image_120.png,0.7558,4.255950239378086,2.380051421967711
image_121.png,0.6937,2.8288420638730387,3.3117504057808484
image_122.png,0.4963,0.988422860475458,9.24357627390827
image_123.png,0.5093,0.8785465548378028,9.139850179616445
image_124.png,0.2583,0.09191151605752385,72.06653334835103
image_125.png,0.5242,1.008223450009269,9.544602069987407
image_126.png,0.5216,0.9123587681385625,10.061819128454378
image_127.png,0.4565,0.6926203423651627,11.897499318803224
image_128.png,0.5229,1.3924743793363266,7.181075853425105
image_129.png,0.4409,0.790776068585561,10.633615871268072
image_130.png,0.5216,2.2632756618995082,7.148468380660558
image_131.png,0.6444,2.499815084012116,4.179215140937853
image_132.png,0.5102,1.4579321146911342,9.28853941641523
image_133.png,0.7772,10.751869464774,2.1642771092618216
image_134.png,0.4348,0.7165501899798142,14.974611033643075
image_135.png,0.6598,1.41372789798866,5.077627257093409
image_136.png,0.1893,0.0012486968221395599,455.98305627983
image_137.png,0.3983,0.7556977250266663,14.136394947697383
image_138.png,0.2863,0.012618082946353665,162.01643506581158
image_139.png,0.4492,1.4142541718224513,10.050480227704613
image_140.png,0.6692,6.7103425183257475,3.043460221299809
image_141.png,0.7783,13.997129428377766,1.9358593194847127
image_142.png,0.4583,0.5809674685023433,14.68693291177706
image_143.png,0.4143,0.39053800215613316,16.20981187029638
image_144.png,0.2919,0.003638377220757968,337.76962645829803
image_145.png,0.6807,1.72372521846921,4.43512167080091
image_146.png,0.3185,0.004523584674083669,285.9968472643086
image_147.png,0.2695,0.05260460798693584,69.33311173975862
image_148.png,0.3492,0.0005673842073951489,429.3220121007027
image_149.png,0.5024,1.1388150621553386,8.22834264412014
image_150.png,0.7548,3.493330334442827,3.2863295988302044
image_151.png,0.7568,3.6933256992421084,3.0042918318084717
image_152.png,0.7682,4.351737815762929,2.8829341706062843
image_153.png,0.7404,6.4795480236587935,2.5869196534368877
image_154.png,0.7671,5.062784566104779,2.3908572865429987
image_155.png,0.2018,0.004817515712604771,235.4103923001633
image_156.png,0.5398,1.095313546553178,9.848493467877434
image_157.png,0.5551,1.7405588831045957,6.8000527910100965
image_158.png,0.5503,2.0304901469423,9.171225377990519
image_159.png,0.7304,9.56684613532733,2.5395579020816137
image_160.png,0.5909,4.075702869783995,5.016251882498472
image_161.png,0.4012,0.0077633330543751735,157.8540223727921
image_162.png,0.5527,1.5214590769087653,5.63048223101922
image_163.png,0.6104,3.0274935008377177,4.566627558505572
image_164.png,0.6230,3.4524475842422326,3.8553287209704608
image_165.png,0.7655,6.585081236249777,2.778611200760481
image_166.png,0.3447,0.031393652296244225,84.33033974509037
image_167.png,0.2950,0.007983772311944845,180.20711893266906
image_168.png,0.2688,0.0017243672261624864,345.6792579977031
image_169.png,0.5386,1.822385753387676,5.565243530508007
image_170.png,0.3987,0.0012480672456037236,300.3443855326454
image_171.png,0.7685,8.662275814307266,2.378270064187371
image_172.png,0.7054,2.562817825808585,3.2264139392620024
image_173.png,0.6585,1.464131901789193,3.941952186103858
image_174.png,0.5628,0.8318809927396525,9.894436045180997
image_175.png,0.6534,14.233515947752242,2.3191576859352847
image_176.png,0.4337,-1.0164099785549345e-13,566577976452037.0
image_177.png,0.3291,0.00017318310639477622,1199.6777837462712
image_178.png,0.3099,0.02351218496214188,96.75809836485624
image_179.png,0.4022,0.05196176781275526,40.92776971024464
image_180.png,0.3413,0.00041183497212026745,549.5638283219531
image_181.png,0.3380,0.09397970614482265,42.420553849019456
image_182.png,0.2108,0.010561640013335656,177.91383907101473
image_183.png,0.4852,0.25254546184827,13.460585865341562
image_184.png,0.6737,3.3821376078962633,3.644939589194268
image_185.png,0.1932,0.00022814296865468947,923.2423708832641
image_186.png,0.6091,1.1775504581768892,6.405467361422705
image_187.png,0.2827,0.0009244458116751525,440.5204394994855
image_188.png,0.7556,7.905515490224586,2.5467134046452817
image_189.png,0.2895,0.0006965337992179787,473.1413238211053
image_190.png,0.6116,3.6829928766329703,3.8616117713552653
image_191.png,0.3460,0.16729110456156854,47.23701345849386
image_192.png,0.3264,0.22859047179136713,33.72086354452822
image_193.png,0.6889,9.375426469542365,2.697341761398254
image_194.png,0.6663,8.119767230968522,2.640996620230053
image_195.png,0.3096,0.0014610845082756677,343.5619388936813
image_196.png,0.5865,3.722320642344676,4.081294503553602
image_197.png,0.3962,0.8979417376527611,9.811149803159969
image_198.png,0.3471,0.018409924342164114,122.13655175346356
image_199.png,0.2889,0.10007529488890753,36.76268244135528
image_200.png,0.5170,1.1591283355288209,8.682787589945537
image_201.png,0.2788,0.005113084460562003,261.11671723295166
image_202.png,0.4363,0.6562577333172014,12.613095428256207
image_203.png,0.2054,5.107587831934344e-16,-8309810321296544.0
image_204.png,0.5014,1.2802994652396205,7.555039286812595
image_205.png,0.7149,5.110391181588802,3.052707725951914
image_206.png,0.5675,1.094747709294239,5.990896093228014
image_207.png,0.6206,2.298585370636526,5.1016335118828975
image_208.png,0.2048,0.021816120033911927,125.45969369847758
image_209.png,0.3230,0.012955207244244529,158.7586448219817
image_210.png,0.2966,0.00026498010618265257,810.9021849183779
image_211.png,0.5983,2.024791328860921,5.658758300415103
image_212.png,0.6022,4.277179286906358,3.993377761683999
image_213.png,0.6476,6.618892011737307,3.2594757151746867
image_214.png,0.7302,7.087702179121178,2.724369059939005
image_215.png,0.4670,1.6462445468802087,9.477048273662087
image_216.png,0.2058,9.012800759811337e-05,1520.8220469546416
image_217.png,0.7742,8.268199123987236,2.404866605897836
image_218.png,0.4260,0.6979440184288903,15.104735099034858
image_219.png,0.4949,0.33250736099351086,15.517332199513143
image_220.png,0.2215,0.5931428082280703,21.5536031795308
image_221.png,0.7126,2.7948271723795917,3.4826196728804453
image_222.png,0.6427,3.3595785121159554,3.5683150788938187
image_223.png,0.7911,7.800105642836724,2.423040380452914
image_224.png,0.7298,6.671045911014403,2.7249981867462556
image_225.png,0.2800,0.12311056872062667,34.15395901292125
image_226.png,0.3526,0.0003227748695786152,922.0804125817443
image_227.png,0.1908,0.0017706996916962486,438.09037250114676
image_228.png,0.2579,0.061537603146920805,64.4026674913608
image_229.png,0.2049,0.00026344013590651346,732.5671245099971
image_230.png,0.4750,1.578149119121446,7.676113760176955
image_231.png,0.6898,5.494939929469677,3.1397932844741616
image_232.png,0.3557,0.07617936781812974,56.89688756395157
image_233.png,0.4492,0.7126597465340635,10.341790843090616
image_234.png,0.5428,1.4438946658807474,5.844635130655828
image_235.png,0.5715,2.3040206730325448,5.7388161361008425
image_236.png,0.2110,0.0018360895454417995,404.1627311813689
image_237.png,0.3658,1.6061863690877365,10.860076835139273
image_238.png,0.7386,2.693375161065547,3.0732263909304067
image_239.png,0.3909,0.6614815062086484,16.56790967681069
image_240.png,0.6348,3.9158389184887468,3.876723687845138
image_241.png,0.6114,1.9896613543192883,5.155003417222505
image_242.png,0.6432,4.692787384628839,3.5366359201624236
image_243.png,0.1753,0.0007517065110429923,582.3620817514839
image_244.png,0.4161,0.2591883267845367,19.32275472744339
image_245.png,0.2546,0.015814279874171645,158.71659164061364
image_246.png,0.6571,4.5452655225536995,2.9477311876720553
image_247.png,0.6751,5.07588077439742,2.9280966478668096
image_248.png,0.6131,5.077022041659217,4.774356903160626
image_249.png,0.4241,0.2840257243592473,26.529448684918872
3\image_250.png,Error:Must specify either pores or throats
image_251.png,0.7507,6.988192277537679,2.456442339303901
image_252.png,0.5154,1.3405593981633441,8.10029763410988
image_253.png,0.2980,0.008224488321846612,142.74566408361488
image_254.png,0.4551,0.6562967533005755,15.904377979171002
image_255.png,0.5894,0.6048331263355832,7.118753215831361
image_256.png,0.6035,3.909738755182499,3.7146646658818887
image_257.png,0.3656,0.281527835468983,33.77889021887833
image_258.png,0.6274,3.9667501701625905,3.6549058896908457
image_259.png,0.3796,0.3407555604502879,16.50195130167849
image_260.png,0.4575,0.2175490365794329,16.59564521376365
image_261.png,0.4597,0.4443515410090366,15.133279575700135
image_262.png,0.6714,2.8874097235616247,4.058582954550356
image_263.png,0.5111,1.6076880790665509,7.580892130597178
image_264.png,0.4706,0.6778260595198355,11.557732186389137
image_265.png,0.6843,4.061896068920521,3.522821837686048
image_266.png,0.5568,1.2644620765121486,6.478377939536715
image_267.png,0.5518,1.9005198718163243,6.028249877799308
image_268.png,0.3298,0.009453179582924732,135.3631799684907
image_269.png,0.5644,1.4167345287237227,5.288260580904772
image_270.png,0.5634,1.7518894767879718,5.8394790514925745
image_271.png,0.7358,6.457723432421871,2.8395222300421636
image_272.png,0.5912,2.633435335624399,5.370001439345491
image_273.png,0.6708,3.322062360494383,4.147238607006472
image_274.png,0.7170,3.673648423432179,3.0430622695397855
image_275.png,0.2837,0.006645216716505063,145.91129824366476
image_276.png,0.7126,5.84802498508255,2.860176091579905
image_277.png,0.2143,0.003321460010877331,184.1523410132784
image_278.png,0.2140,0.09852553855706131,42.64905801778768
image_279.png,0.3072,0.005296480899855311,272.01297849002106
image_280.png,0.5079,0.9087952305674315,13.208910294740845
image_281.png,0.3855,0.005762272411673908,245.08205365512933
image_282.png,0.4066,1.5083998157600167,11.115927834405566
image_283.png,0.3457,0.2345690136468921,25.78311131266043
image_284.png,0.2495,0.001002467472773321,419.00868905036066
image_285.png,0.6054,2.256163039225145,5.5029309676805385
image_286.png,0.7379,5.87265269766038,2.674641367796342
image_287.png,0.6877,5.393008799466464,2.89187526293712
image_288.png,0.5618,1.815472129252035,6.150091586678563
image_289.png,0.2166,4.159035806003681e-15,4985886192777926.0
image_290.png,0.3917,0.543372368408408,19.565993763886407
image_291.png,0.6832,4.8874029117969,2.9225401137670355
image_292.png,0.4581,0.1966067304400882,27.851836615393882
image_293.png,0.2191,-2.5610904700127927e-14,4.985886192777926e+16
image_294.png,0.5689,1.5312389507418398,6.41677055263245
image_295.png,0.3847,0.1341023809881446,33.4102877992653
image_296.png,0.4877,0.7707341606543355,9.874708863894579
image_297.png,0.6152,4.486451335306799,4.214048983165178
image_298.png,0.2724,0.007043251066388029,185.1884510259107
image_299.png,0.5567,1.9943855305262856,6.517556647251077
image_300.png,0.5505,5.073077312696764,4.906613359633027
image_301.png,0.5585,1.4885806521500051,7.331138718021104
image_302.png,0.5767,2.259701031745374,5.055244411830558
image_303.png,0.2889,0.08563883246537625,55.84691422870078
image_304.png,0.6781,0.34146807719485656,6.104844446122913
image_305.png,0.3273,0.003077141556536218,226.08005200945288
image_306.png,0.3235,0.01057623769825159,167.5946753277382
image_307.png,0.3324,0.004871439296615857,211.3556299770147
image_308.png,0.3735,0.14207579361553177,29.201134594969687
image_309.png,0.5941,5.365096166815747,3.3706204341504646
image_310.png,0.3534,0.020337331652347336,103.66176301950212
image_311.png,0.6199,3.718767259502124,3.9278807036658425
image_312.png,0.3056,0.004390676816120895,289.2884718611856
image_313.png,0.6170,6.728213152576942,3.5017851644180635
image_314.png,0.6979,3.1153655701514844,3.6401142835559464
image_315.png,0.3983,2.0747879559677873,9.224776767428175
image_316.png,0.7991,8.532097571889073,2.220230966037371
image_317.png,0.4081,0.06994943146096529,38.87856532970063
image_318.png,0.4234,0.5843996959056436,11.508721180748598
image_319.png,0.7117,5.038761881704893,2.847248462126683
image_320.png,0.4397,1.356771753769104,9.912275678844546
image_321.png,0.6086,3.9256046574666534,4.143386696214716
image_322.png,0.6594,3.396870189363966,3.7511978066353056
image_323.png,0.3363,0.04072589149644261,89.16978254699794
image_324.png,0.3866,1.6166617224350923,12.726545510632278
image_325.png,0.6925,4.0569263112405025,3.132358838017835
image_326.png,0.3216,0.0007129419683075264,376.15989462729544
image_327.png,0.7596,4.554893672889967,2.4939392145694073
image_328.png,0.2140,0.009611331940512204,176.13420425997302
image_329.png,0.3408,0.0005098871644822411,590.0795211830502
image_330.png,0.3342,0.0016332399107567383,304.54863810482414
image_331.png,0.5497,1.5454343837210076,7.884173513158685
image_332.png,0.3048,0.0013303149089667191,435.11187475242536
image_333.png,0.4914,0.3762303385133703,13.181510832376107
image_334.png,0.4500,0.7043781415416545,11.276317340310934
image_335.png,0.5904,1.9594648316617902,5.335073297173676
image_336.png,0.4688,0.21419045167851058,24.722423700347278
image_337.png,0.2978,0.08913065505021542,64.20627016827329
image_338.png,0.5573,1.968065832878235,5.765118628404537
image_339.png,0.2746,0.051476646453188654,76.80874042204563
image_340.png,0.3893,0.21646356045679233,32.34963832692288
image_341.png,0.7752,5.20371578518057,2.5781710693657396
image_342.png,0.5707,2.208568876686956,5.279838748392213
image_343.png,0.2308,0.002778608144426352,376.07644613639786
image_344.png,0.6516,3.7787151740435583,4.211278228788962
image_345.png,0.7033,5.928131776682822,2.7846076984838817
image_346.png,0.3269,0.35306732907598837,27.88400979146384
image_347.png,0.3676,0.3407477949471633,17.72148033500641
image_348.png,0.3864,0.1591097494159566,34.356325257045306
image_349.png,0.2418,0.06876684988371017,72.72164370958333
image_350.png,0.3886,0.0016709590196940086,390.60565111601426
image_351.png,0.1926,0.0066178188869698285,232.88889060025727
image_352.png,0.6689,2.329703094688767,4.303727035695557
image_353.png,0.3046,0.005730069496529894,258.6923042085312
image_354.png,0.4640,0.09171109772766131,43.56512197352375
image_355.png,0.2518,0.05326164423494316,95.62945655851607
image_356.png,0.3237,0.06680308087542375,61.16278744645839
image_357.png,0.6084,1.3745915035907699,5.3028396417460115
image_358.png,0.3724,0.0055704407938299075,156.0081148952589
image_359.png,0.2464,0.002398120240736187,328.49801360175553
image_360.png,0.7375,7.474961955670731,2.3515403315742196
image_361.png,0.7112,3.8755619877672034,3.476077821895779
image_362.png,0.7552,7.202043670243525,2.482190673324808
image_363.png,0.5401,1.6562156661358902,6.154393469225227
image_364.png,0.6724,5.1102067063196746,3.5153310530494135
image_365.png,0.2783,0.01724531848672874,157.44018136812699
image_366.png,0.2731,2.1451868894124246e-14,-1608350384767073.0
image_367.png,0.2625,0.0005436381602477525,538.8759381370262
image_368.png,0.3053,0.0024718236986603177,302.86502600077523
image_369.png,0.3641,0.1090303367274553,45.64185524412797
image_370.png,0.7204,3.0529040788502573,2.772447584941075
image_371.png,0.2276,0.0014021678924999973,455.0382049254438
image_372.png,0.4998,0.6580255135818182,9.728932827164689
image_373.png,0.2647,3.736291705985543e-14,1558089435243102.0
image_374.png,0.2207,0.010545312544876678,152.6653255860858
image_375.png,0.7106,2.1677578878861326,4.302677339495588
image_376.png,0.5561,4.602728912167429,4.232788809646486
image_377.png,0.1862,0.36225184116723075,36.68002921539057
image_378.png,0.7017,5.187663895437209,3.230336291307545
image_379.png,0.5874,1.1891886386977948,7.059500030654649
image_380.png,0.7507,7.417115564213685,2.467979545576118
image_381.png,0.3348,0.6262794339389534,17.636649637116612
image_382.png,0.1979,6.275036479233623e-15,-1780673640277830.8
image_383.png,0.3891,1.0580639917435175,11.943271158740128
image_384.png,0.3195,0.012159428767976701,154.40562096868462
image_385.png,0.3731,0.6491069060264972,14.491753747197352
image_386.png,0.2790,-6.4483296378171095e-15,-407011117777789.9
image_387.png,0.4825,0.5497265623940206,11.741952525118522
image_388.png,0.4273,0.27495118357985243,15.339601549818381
image_389.png,0.7340,8.660561173574498,2.4090945287542844
image_390.png,0.6761,8.056239122199889,2.5943796250081146
image_391.png,0.4874,0.719039136744528,9.260591245502633
image_392.png,0.5230,3.6871784391142164,5.135291083264153
image_393.png,0.4518,0.5788203099197301,12.147509182157194
image_394.png,0.3480,0.09382789815249278,52.608075633184995
image_395.png,0.3691,0.17172959911393432,18.641845150322958
image_396.png,0.2379,0.0014166912564604404,463.7283057736044
image_397.png,0.4488,0.03376454711407923,40.70385773945868
image_398.png,0.4298,0.9145052140728362,11.192775165759311
image_399.png,0.4627,0.2610146443351318,21.175836065098377
image_400.png,0.2882,0.0014365869899969274,341.9964852655557
image_401.png,0.2658,0.004814633944358749,206.01770193377232
image_402.png,0.5515,1.576727936457791,5.970814102635873
image_403.png,0.3465,0.37155799684353286,20.372956678355724
image_404.png,0.7012,8.63296319870175,2.5925767519785774
image_405.png,0.5263,3.1944998280442594,6.116151161687712
5\image_406.png,Error:Must specify either pores or throats
image_407.png,0.3417,0.019182559009743895,110.7838719777188
image_408.png,0.2869,0.0005902749335432707,822.2313190396227
image_409.png,0.3630,0.48572786290183595,14.748692429494886
image_410.png,0.4520,0.3015700952361401,24.927771311473652
image_411.png,0.6872,3.3193559330051032,3.7176992481667295
image_412.png,0.4463,0.4818628278690107,16.10153915652589
image_413.png,0.3625,0.19746765288213644,21.40572920080667
image_414.png,0.5536,4.202648705220697,4.11994753012003
image_415.png,0.3725,0.00472620219683372,227.7669305102974
image_416.png,0.4291,0.009446883101691865,153.56376151731115
image_417.png,0.5658,2.2664736886423347,6.213664601120704
image_418.png,0.2387,0.004419385393406139,238.05163898696028
image_419.png,0.3767,0.13357650228564646,28.654604345580854
image_420.png,0.6356,1.9790997167815956,4.514715182201595
image_421.png,0.7534,4.685817551124174,2.5155393603074976
image_422.png,0.3821,0.036590321608371466,37.3129851924618
image_423.png,0.3331,0.16156428597142408,38.74102405540922
image_424.png,0.4075,0.366223789950513,20.72262589508988
image_425.png,0.4924,1.087729246873662,9.954280444118123
image_426.png,0.5339,1.777325736290911,6.638313294935732
image_427.png,0.4759,0.6243051155623419,11.115278392714147
image_428.png,0.6158,2.743881220946844,4.441818401819629
image_429.png,0.3893,0.3654863440630418,23.457963838116598
image_430.png,0.2042,7.570174822331261e-14,-1661962064259308.8
image_431.png,0.5118,1.0586919923717388,10.497548903242018
image_432.png,0.6573,8.269741580164121,2.681743313960804
image_433.png,0.5465,2.956218578518226,6.4530863959405504
image_434.png,0.5023,2.0627198509713733,6.388649508868118
image_435.png,0.3552,0.0340055790521188,73.85745979395716
image_436.png,0.2551,0.032303773587727916,108.34371539075244
image_437.png,0.3516,0.030201208657335492,100.8597617985381
image_438.png,0.2635,2.7708663988243814e-14,-673768404429449.5
image_439.png,0.5525,0.25062664303815013,28.20576445710237
image_440.png,0.2966,-9.184537404924794e-14,6232357740972408.0
image_441.png,0.7171,9.68040768410715,2.717635278166789
image_442.png,0.4021,0.015265025617847545,89.10544640764695
image_443.png,0.2931,0.029539339502265907,95.77743173166361
image_444.png,0.5107,1.6060356814023775,7.482541075094585
image_445.png,0.3038,5.260815466892374e-14,-566577976452037.0
image_446.png,0.7751,14.021750054119433,1.8287253899854052
image_447.png,0.4900,0.53954238921122,13.876599619223787
image_448.png,0.4626,0.9864617413708345,8.029757669876599
image_449.png,0.7755,9.989310266138487,2.2769313192816805
image_450.png,0.5321,1.2125307086723514,7.0438200058656095
image_451.png,0.2709,0.00030789716230904425,585.2274328261448
image_452.png,0.5696,1.8507078738317724,4.344856934470629
image_453.png,0.4048,0.20247714784971033,19.57529103290048
image_454.png,0.5379,0.46104882103058964,11.80896435812211
image_455.png,0.6014,1.2392970022899863,5.243207622529638
image_456.png,0.3235,0.04707146222575637,50.94583819239133
image_457.png,0.2183,0.0470899108864507,92.9192818521349
image_458.png,0.2495,0.007619346409116787,220.4646173925055
image_459.png,0.4915,1.4086922871553784,8.066786083294494
image_460.png,0.5102,1.6619001296710199,6.0789224636129084
image_461.png,0.6676,3.2657594162561545,3.7493359699827993
image_462.png,0.2392,0.0036563489735607696,318.10433088434786
image_463.png,0.6600,6.286648639084299,2.9652464881870673
image_464.png,0.6188,3.9845735280297823,3.5783245554754606
image_465.png,0.3953,0.11135460332644183,19.82942847083724
image_466.png,0.7931,21.20012025426417,1.6172839540677657
image_467.png,0.5128,0.6038797947237656,14.120425189654542
image_468.png,0.3253,0.005094791789608809,184.34587653124314
image_469.png,0.5967,2.0787093640834167,5.630326328865256
image_470.png,0.5382,2.4976658782083203,4.9180226707779875
image_471.png,0.2950,0.001130100447339025,466.10854821999504
image_472.png,0.2531,0.0019820913370302805,412.0094346498054
image_473.png,0.3775,0.28225569103994574,20.415659243318483
image_474.png,0.3285,0.029676412495141885,101.59597101661039
image_475.png,0.3693,0.001965906941454367,211.60552590151386
image_476.png,0.4199,0.673111855231197,13.133310934020171
image_477.png,0.5015,0.851283854996255,9.364762685061095
image_478.png,0.3848,0.00134950338979525,372.6352715126082
image_479.png,0.4783,1.2851214334642145,8.145149253763229
image_480.png,0.7281,7.120683734076007,2.73500394330456
image_481.png,0.7374,2.140361487758215,3.539399474127097
image_482.png,0.6269,7.540911609267568,3.0106368618381905
image_483.png,0.3463,0.1006124466288243,37.41415753251804
image_484.png,0.2053,4.0204012791368914e-14,2.492943096388963e+16
image_485.png,0.6271,3.423381285387574,3.9728425231549016
image_486.png,0.3869,0.7773387426808752,12.94689598673949
image_487.png,0.6938,7.477903296762763,2.827773576348228
image_488.png,0.3989,0.05404733860359676,59.58645793861321
image_489.png,0.1880,0.0077377733008413855,229.38836438503682
image_490.png,0.2617,0.001086235450368671,573.6630981478011
image_491.png,0.6870,5.115017025667959,2.861010208160507
image_492.png,0.5786,1.7961472559267713,6.178468041874908
image_493.png,0.6536,2.3073498041344918,4.439264463119869
image_494.png,0.6690,5.125808059553249,3.130616848940964
image_495.png,0.7579,6.751683511082837,2.616734406488365
image_496.png,0.3987,0.5103146585468435,13.342793244652063
image_497.png,0.6910,2.680768245183025,3.6876807369160023
image_498.png,0.7010,4.715765364576113,2.625451174592339
image_499.png,0.7216,4.0380440455959326,3.3774801291888084
image_500.png,0.4261,0.34079077318494616,18.335604118449822
image_501.png,0.2249,0.0030571870949248395,372.02490434696085
image_502.png,0.2741,7.662625503278048e-05,1403.8972979897212
image_503.png,0.3712,0.5355095232056182,20.742988748983723
image_504.png,0.1870,1.262303849892345e-14,-2167776605555620.2
image_505.png,0.6826,7.795609762436062,3.220113780125912
image_506.png,0.4338,0.057202166760343606,60.258949562649065
image_507.png,0.3876,0.001343851005077524,267.2045735998343
image_508.png,0.2207,-3.334525198848565e-14,-1719271100957905.8
image_509.png,0.2772,4.532795216501588e-05,2019.9937843970436
image_510.png,0.5201,2.0042416605139723,6.094498039075013
image_511.png,0.3201,0.0440987456901261,58.437499163552665
image_512.png,0.5912,0.6418554291280343,9.600586136953964
image_513.png,0.2852,2.6678025729299923e-15,-3116178870486204.0
image_514.png,0.5291,0.5551141634935598,11.845972403570888
image_515.png,0.5785,3.821023259821762,5.627844329918087
image_516.png,0.6452,3.20970015179396,4.135638254867037
image_517.png,0.3651,0.3406307497175165,29.928890361506436
image_518.png,0.2116,0.0006826516795536541,454.90910976627816
image_519.png,0.5170,0.3138875888409728,14.786486463814668
image_520.png,0.5596,2.0597408045049796,5.475284813054707
image_521.png,0.4083,0.10081287173023519,55.94107854403829
image_522.png,0.2812,0.004323853905979629,278.8412738720676
image_523.png,0.7878,5.943373592859952,2.343228847797605
image_524.png,0.5448,1.893032801519227,5.742262148105858
image_525.png,0.7293,10.315874611319753,2.240721403367104
image_526.png,0.6173,2.3817138493246315,4.499246294686139
image_527.png,0.2668,0.0007385164894508126,652.5856517344251
image_528.png,0.7139,8.173522183034942,2.3810202294463907
image_529.png,0.4312,1.3907469641345014,12.014683386738954
image_530.png,0.2380,6.749312492198954e-14,-8309810321296544.0
image_531.png,0.3722,0.15765930348269375,37.58939649894464
image_532.png,0.3579,0.03343841983085962,95.33631908912064
image_533.png,0.4377,0.39895409736654985,14.6351422682996
image_534.png,0.4881,0.36225519971317943,14.857618241776636
image_535.png,0.7813,2.030655937028021,3.4605235001573997
image_536.png,0.3865,0.4557136019445615,16.754280047359046
image_537.png,0.4631,0.7144778943707522,9.071714635944897
image_538.png,0.4630,0.2886552527068921,14.099738628925872
image_539.png,0.2670,0.003984836033080773,233.869608495747
image_540.png,0.5420,1.414410676949745,6.3286924629455035
image_541.png,0.3006,1.2393197046486406e-13,-733218557761459.8
image_542.png,0.7535,9.1241904657069,2.3509294670083514
image_543.png,0.2717,0.0006087790814506376,666.1220963028222
image_544.png,0.2916,-5.4888327808180145e-14,-1719271100957905.8
image_545.png,0.4685,0.6054308092847076,10.664005785394107
image_546.png,0.7259,3.8658892630461237,3.2724388965722504
image_547.png,0.3966,0.453683861589917,17.286293295740407
image_548.png,0.7904,11.026997816041254,2.311426551212368
image_549.png,0.5933,3.368605402424789,4.651099767196862
image_550.png,0.6518,2.6236856323944577,3.825909587800201
image_551.png,0.4522,0.22744628238060854,17.222260643290184
image_552.png,0.4046,0.06432114474391482,63.033462179592306
image_553.png,0.5295,1.0896623583067957,9.148178222743326
image_554.png,0.5021,1.956413359743742,6.8877156451652874
image_555.png,0.6870,3.7950132828392644,3.418629384460353
image_556.png,0.5744,3.392120303095011,4.704008042505713
image_557.png,0.6321,2.9849096220583946,4.86947019224331
image_558.png,0.5249,1.3588420572598805,9.842653345772055
image_559.png,0.4308,0.4349337849126761,11.375450802668066
image_560.png,0.2292,0.0009319041484891072,411.230243254435
image_561.png,0.5979,2.24481194285699,4.504263465956821
image_562.png,0.6071,2.9249903193341225,4.799643710207538
image_563.png,0.4348,0.4279284445381446,22.985685838821194
image_564.png,0.6267,5.316776977104803,4.123498253891537
image_565.png,0.3439,0.10283543649779762,37.19826028514562
image_566.png,0.6002,2.371914654129395,5.567129403046752
image_567.png,0.3389,0.004795803086074793,242.24782689840444
image_568.png,0.4487,1.1076268490970707,10.301069867981049
image_569.png,0.3495,1.0031592755086134,17.04423298809517
image_570.png,0.5574,2.1963791981301,4.694439576109194
image_571.png,0.2498,0.0010707414104014056,439.407852954845
image_572.png,0.5052,1.730599773818698,7.257572397240546
image_573.png,0.3949,0.01411630873431203,94.21799731037443
image_574.png,0.5258,1.2058277135398543,10.744869690397712
image_575.png,0.5499,3.656638606894257,4.784915797465386
image_576.png,0.2937,0.010643033043179356,178.1170968962792
image_577.png,0.5462,3.433181501064969,4.764244304452126
image_578.png,0.4570,1.2557394053666933,9.071107404944806
image_579.png,0.3281,0.002192877509663771,295.36541842973764
image_580.png,0.3071,0.025428236532726498,93.35729557834325
image_581.png,0.7729,11.258199074060858,2.061767214453062
image_582.png,0.7892,6.084661877324085,2.4754798353983807
image_583.png,0.3856,0.3685417973783435,15.964490419468742
image_584.png,0.5692,1.2320911575924638,4.458842741947081
image_585.png,0.6054,3.7855471702671664,3.5769891669473717
image_586.png,0.4917,0.45680909981765233,13.934225881661192
image_587.png,0.2802,0.00017496889672354447,805.6210817841176
image_588.png,0.6177,4.420507142996145,4.126098102538028
image_589.png,0.5044,1.2475923685103076,9.407820248472616
image_590.png,0.2105,0.00032833196230632654,533.7984609328296
image_591.png,0.3798,0.01306724518997839,129.78360511763987
image_592.png,0.5547,0.5823786046931568,11.129633578340986
image_593.png,0.5250,2.677917021648878,6.248878443992307
image_594.png,0.4531,0.9914482017061896,9.535890072901758
image_595.png,0.6076,1.5105894343230126,5.725038849502171
image_596.png,0.4660,0.46710161316246324,20.606667084473614
image_597.png,0.2889,0.0037072691049354423,306.4896530340231
image_598.png,0.4751,0.46364796484905113,15.36097934499114
image_599.png,0.6523,4.521607797697666,3.5865082491969007
image_600.png,0.2000,0.002434206126219063,396.2669075940304
image_601.png,0.2223,0.24958893789441092,36.70276714331626
image_602.png,0.2155,0.0005186699658553091,624.1706376518472
image_603.png,0.4815,0.3404891513571852,18.236042449578687
image_604.png,0.2104,0.059712712798023475,69.75431066454843
image_605.png,0.3501,0.055023086646833266,60.502905681931935
image_606.png,0.4008,0.03742232215157015,71.32276833808628
image_607.png,0.3617,0.12487821825960223,36.88386447193319
image_608.png,0.2497,0.003072630341799025,374.3869217419336
image_609.png,0.2986,0.003934171812695101,251.3327884677655
image_610.png,0.5859,3.838350191674086,3.694874133901284
image_611.png,0.6060,3.4318571637315176,3.9365204351175933
image_612.png,0.2361,0.002272009018778785,452.44365496610266
image_613.png,0.7603,7.285756001201805,2.2767815275063215
image_614.png,0.7425,7.126209306219896,2.1928959369261234
image_615.png,0.6791,4.389931301105985,3.218988676598332
image_616.png,0.4899,1.442773136758295,10.18396616782009
image_617.png,0.7402,4.640187348957992,2.864885618541525
image_618.png,0.4792,0.4432452668744732,19.297528579283423
image_619.png,0.3874,0.002307869858464501,292.2897453817014
image_620.png,0.3507,0.0008087627636865007,528.5293868545922
image_621.png,0.2725,1.127176229313732e-12,289877104231274.75
image_622.png,0.7442,3.4129308991931,3.211465445645941
image_623.png,0.3958,0.19565099551699144,25.498751766561163
image_624.png,0.6155,4.85458360212189,2.8875026595077316
image_625.png,0.7851,2.847764063425825,3.049220034976576
image_626.png,0.2455,-1.3943714781180762e-13,-1.2464715481944816e+16
image_627.png,0.2409,-1.0645216317932445e-13,-1133155952904074.0
image_628.png,0.2916,0.048024708006301264,75.80602367632558
image_629.png,0.4008,0.21471363106614125,17.535536206307224
image_630.png,0.2521,0.022810874060700308,136.25130112062544
image_631.png,0.2364,0.002985690767967382,241.37677638738754
image_632.png,0.4661,3.4052659365948537,4.848165391102191
image_633.png,0.4581,0.41793950143191877,16.38226751705407
image_634.png,0.6452,2.905806268775687,4.69431958974592
image_635.png,0.7390,7.4333554409004465,2.6486050832793224
image_636.png,0.2863,0.007094081455403844,213.0911751421576
image_637.png,0.2939,0.0006695840587333575,463.90450458251786
image_638.png,0.2130,0.008912379021195288,174.23337863125892
image_639.png,0.3677,0.6969163168548587,17.18433557040076
image_640.png,0.3595,0.23889425120286564,28.06798087574321
image_641.png,0.3500,0.058887991251273246,59.13943261503368
image_642.png,0.6874,7.178170996823367,2.548520484925917
image_643.png,0.4114,0.3917490692657761,20.76566518457804
image_644.png,0.6697,7.124016324830691,2.864304613409679
image_645.png,0.5652,1.7344276000022745,6.369925714764496
image_646.png,0.6377,5.962412470271296,3.140169560318858
image_647.png,0.6875,7.251499049359196,2.58598833079965
image_648.png,0.5362,5.484209943248739,4.222920001872313
image_649.png,0.2266,0.0094879912099131,206.6428501508958
image_650.png,0.3716,1.8416297332750162,8.191652263119284
image_651.png,0.7223,4.086862297502353,3.539947604580177
image_652.png,0.2929,1.6184668942441956e-14,8309810321296544.0
image_653.png,0.4762,0.41572452704450596,27.233465949834862
image_654.png,0.6274,2.6300064806672596,4.54962979151058
image_655.png,0.4596,1.3969898987113747,9.873394441207747
image_656.png,0.3109,0.07727420689169805,78.64709178382488
image_657.png,0.4997,1.0916291846987574,10.020151279197176
image_658.png,0.2996,0.06450273346858297,58.02569396360995
image_659.png,0.2803,0.00011195125136670694,1559.350351863134
image_660.png,0.6607,4.03426534103578,2.86228177870948
image_661.png,0.5829,3.1481265802450653,4.833202350887379
image_662.png,0.3159,0.001924077422039164,400.97706008122475
image_663.png,0.6651,2.956016708585257,3.861804796113805
image_664.png,0.2454,0.004362578077708569,227.3348277177432
image_665.png,0.4986,0.20657967024765253,16.166489917595026
image_666.png,0.5263,2.08094044564264,6.050996090207844
image_667.png,0.6455,3.6968484374378447,3.858383099324596
image_668.png,0.3421,0.00104543786712496,462.8116441176534
image_669.png,0.2490,0.0009310650541390793,531.8298565702835
image_670.png,0.5883,1.3278839659508843,6.108454120170947
image_671.png,0.1980,0.0038928148235899593,302.15572944451696
image_672.png,0.2797,0.005192707521470712,257.72227393116793
image_673.png,0.6703,4.807787190372806,2.760550992167199
image_674.png,0.6922,6.924649904825522,2.9033888539882287
image_675.png,0.3430,0.0001749532621857231,877.4572696933892
image_676.png,0.2919,0.005229814087843987,254.04464117157957
image_677.png,0.4266,0.10298287191941348,26.230579651379305
image_678.png,0.5893,3.0731245343491214,4.2034924986078215
image_679.png,0.4677,0.6954414817976192,12.498392735700746
image_680.png,0.2662,0.0005444886244047005,566.6865398015613
image_681.png,0.6547,3.912455471480502,3.6544998762146443
image_682.png,0.3768,0.0026977934267055632,221.8068459512816
image_683.png,0.7294,12.551212585461457,2.315780341335755
image_684.png,0.5236,0.9996482939541385,6.668849418272692
image_685.png,0.5828,3.0619889078498845,5.523399297737657
image_686.png,0.6062,2.6786213484696657,4.687316567772916
image_687.png,0.5330,0.9809511031336793,9.141919379171584
image_688.png,0.3222,0.002204701150110206,320.5842047473993
image_689.png,0.3156,0.011572480543504515,106.37664400524483
image_690.png,0.2547,0.0005654812151542612,467.8873667648952
image_691.png,0.7021,5.658013936145103,2.827156835926737
image_692.png,0.7566,4.654365349117957,2.547097114993096
image_693.png,0.2257,0.0053718884774229475,180.57878274425997
image_694.png,0.2796,0.002598734567613999,304.83300615084926
image_695.png,0.2944,0.003375427740115202,339.2867517078514
image_696.png,0.7356,7.473701155843608,2.956523004746427
image_697.png,0.1859,0.0007723777577438336,701.215104680654
image_698.png,0.3698,0.12071672990032578,34.21131493324443
image_699.png,0.6186,3.768823750419946,4.162649780945616
image_700.png,0.4332,0.5775575602383416,13.25664248720092
image_701.png,0.7659,6.562068199073885,2.47533887286956
image_702.png,0.4395,0.13630357228423537,32.36998127456151
image_703.png,0.3130,0.048199073816772235,67.99388070267452
image_704.png,0.3778,0.008315737145105868,108.37694952369966
image_705.png,0.6828,3.261743325500545,4.3384162085367235
image_706.png,0.2951,0.00025084378321575093,832.4672361851049
image_707.png,0.2471,0.0005107052651048509,623.0299590926849
image_708.png,0.4431,0.1867766348779632,34.303362330502495
image_709.png,0.3022,0.1830962409369614,50.029761898401766
image_710.png,0.7708,6.366051297321492,2.5218927191755482
image_711.png,0.3926,0.014650325157785025,60.6808583868644
image_712.png,0.5832,1.9324848267054955,6.349444751290805
image_713.png,0.2209,0.005753008432630129,252.46298886119942
8\image_714.png,Error:Must specify either pores or throats
image_715.png,0.5882,4.4137976000378885,3.7380547038161556
image_716.png,0.4083,0.2785030587513615,21.824707876247512
image_717.png,0.7211,4.6634919585805905,2.937103950504204
image_718.png,0.7344,6.236067675324865,2.535814845681317
image_719.png,0.3670,0.7257353262085373,20.915190606243748
image_720.png,0.2652,-1.1284120831552091e-13,9971772385555852.0
image_721.png,0.5510,2.4599031644649125,5.620963204742973
image_722.png,0.6950,7.883503343817483,2.5721108533386787
image_723.png,0.5225,0.5186630342019803,10.610777878398956
image_724.png,0.7899,8.085780651342082,2.1283847005562606
image_725.png,0.5656,1.4386729142139185,6.207294553479274
image_726.png,0.2390,0.00025221347292068654,1234.4635576786777
image_727.png,0.4970,1.2369166575875978,7.380706913157788
image_728.png,0.7117,3.2248369750641714,3.446339913948434
image_729.png,0.2172,-1.4237401081516985e-14,9971772385555852.0
image_730.png,0.6418,7.365717414448681,3.126982882434009
image_731.png,0.2395,-7.296554045620492e-15,1.2464715481944816e+16
image_732.png,0.6153,2.535014996216543,4.941952184907312
image_733.png,0.4829,0.5940906265044845,15.717257043972923
image_734.png,0.2834,0.023273340623572416,141.79437360041533
image_735.png,0.3688,0.11889781930826188,51.875286169316496
image_736.png,0.4948,2.1830108077719688,7.311594826827469
image_737.png,0.2592,0.004051062060074981,287.7059735110428
image_738.png,0.5976,5.752541109360464,3.8238334863596073
image_739.png,0.4009,0.1630231339951786,29.227517804463556
image_740.png,0.5820,3.9285951439496687,4.384587133655961
image_741.png,0.5556,2.8505449315693987,6.056987880455448
image_742.png,0.5267,2.675466900439377,6.222221892697668
image_743.png,0.5037,0.9524035574280666,10.822376508288604
image_744.png,0.5419,1.4307220543743822,6.991342465542293
image_745.png,0.5873,2.2867118794920898,4.995014477114401
image_746.png,0.2665,1.1209331152584482e-13,-755437301936049.5
image_747.png,0.4276,1.39822283552834,7.583818212014969
image_748.png,0.7496,7.194634576426452,2.619398341934536
image_749.png,0.7355,10.198204916734745,2.089232216290274
image_750.png,0.4554,0.8497395759479355,11.867234280596703
image_751.png,0.5139,0.8622824850391221,10.267084131186923
image_752.png,0.5754,2.4858266370006157,4.630101571713502
image_753.png,0.7390,6.756077192881403,2.3915503588592673
image_754.png,0.5496,1.6098472870399225,6.834779720519473
image_755.png,0.1981,-7.037526377000965e-14,-682998108599716.0
image_756.png,0.4652,0.8504784358315813,11.171757357027074
image_757.png,0.5594,0.6561361633690457,6.4284038590754315
image_758.png,0.2071,2.046683409796548e-14,6232357740972408.0
image_759.png,0.3903,2.861161255138935e-13,906524762323259.2
image_760.png,0.4819,1.0964753140542687,7.7416972448968755
image_761.png,0.6745,4.6997013314034675,3.176365945659434
image_762.png,0.2815,0.12243686925948401,33.360337284150624
image_763.png,0.2075,0.006205426898188302,234.97382945972223
image_764.png,0.7767,9.913181242250381,2.4192072218951797
image_765.png,0.2980,0.03712631474682345,85.67940938779114
image_766.png,0.5623,2.9156656478160836,5.142399235381695
image_767.png,0.7267,7.302273273067479,2.432066516469864
image_768.png,0.5469,2.072078828054213,6.100137280068693
image_769.png,0.6924,4.056276284333844,3.546054146067805
image_770.png,0.6502,3.844815302402219,3.9608985397619043
image_771.png,0.6951,3.0513533588848287,3.3871175369833932
image_772.png,0.1913,2.936863003362248e-15,-1.6619620642593088e+16
image_773.png,0.6116,1.5646567234193802,4.9911512373729705
image_774.png,0.5043,0.6163036125391229,10.6479430659788
image_775.png,0.7557,7.724015674092778,2.61116711045161
image_776.png,0.3729,0.10388701112752874,35.45791392531764
image_777.png,0.2787,0.0002117267524576517,915.370308961785
image_778.png,0.4826,0.3338031788102412,15.369570723463395
image_779.png,0.4653,0.40400707903169675,16.653031826982538
image_780.png,0.4083,0.0765202106825205,59.48646856723038
image_781.png,0.2000,0.031508079888785026,106.6015419712672
image_782.png,0.4525,0.19752943394189706,19.330339770397256
image_783.png,0.6654,2.1205546482378157,4.187019169125604
image_784.png,0.2433,0.002613020759514638,352.42153944815453
image_785.png,0.5472,1.933654038911483,5.908671343127386
image_786.png,0.4948,1.663653414154583,9.559927314416548
image_787.png,0.6637,2.9407456704764297,4.255712892707984
image_788.png,0.7781,9.053035612034842,2.195464539733784
image_789.png,0.2662,0.012235651045699944,162.63603679024934
image_790.png,0.4790,2.029427190277031,5.653960419235329
image_791.png,0.6127,3.6743601828384778,4.541614577673006
image_792.png,0.5471,1.8392992835517021,7.325250751064523
image_793.png,0.4282,0.08467648347225845,59.61761058667117
image_794.png,0.6782,3.4609749767525315,3.0643874521913332
image_795.png,0.6539,11.764692118848588,2.5088189929569067
image_796.png,0.2667,0.012650422568856137,162.31430988103952
image_797.png,0.4828,1.1091148116867988,9.62531032707941
image_798.png,0.6739,5.537511401758048,2.5778214194481643
image_799.png,0.7041,3.259736160968601,3.188705985712845
image_800.png,0.3159,2.4903024949045775e-13,536116794922357.7
image_801.png,0.2271,0.0027594344997125693,338.7625000641755
image_802.png,0.6351,2.108706888214301,5.438670934591481
image_803.png,0.7015,4.539776208607063,3.3533039417946857
image_804.png,0.7405,11.704418524593397,1.9441201115226394
image_805.png,0.3994,0.35633866010454357,21.18363645613354
image_806.png,0.6097,1.1905387451354013,6.348498754097561
image_807.png,0.2142,1.2987866201204475e-14,541944151388905.06
image_808.png,0.4913,0.07308419552793914,26.746021735258932
image_809.png,0.2543,-3.2652079354151696e-15,5539873547531029.0
image_810.png,0.2238,0.0040129473042743845,257.57611701200614
image_811.png,0.3486,0.0008472142915410685,373.0506769774997
image_812.png,0.4641,0.28939257095927495,13.734707262488206
image_813.png,0.3707,0.20080219035879895,28.01785196573596
image_814.png,0.4723,0.17335824429326357,14.313763837714328
image_815.png,0.1972,-3.101035469388709e-15,-997177238555585.2
image_816.png,0.7013,3.314651805573951,3.8010983104520313
image_817.png,0.5799,2.2968361381807325,4.569775485086379
image_818.png,0.7265,10.036963807083367,2.1582090902235582
image_819.png,0.3451,0.16501942564101105,29.33964609902632
image_820.png,0.4252,0.8762981795873188,12.03297522523534
image_821.png,0.3878,0.0004500199043044828,551.8291287946713
image_822.png,0.5224,0.9035488490025845,8.027134514091776
image_823.png,0.5532,1.495485361168895,7.922897932604404
image_824.png,0.5365,1.2602774922620936,6.695860542838669
image_825.png,0.5462,2.042534879097155,5.478084475530791
image_826.png,0.7696,5.798349732179998,2.6015044590722423
image_827.png,0.4094,0.8174479006946324,14.142892155927258
image_828.png,0.7876,10.949001733258703,1.9554049357752148
image_829.png,0.5808,1.370061313478591,5.096575316282615
image_830.png,0.5171,3.6376949342861997,5.949463018536008
image_831.png,0.7476,11.81264979320761,2.078447603260177
image_832.png,0.2336,2.4908611373236952e-14,4532623811616296.0
image_833.png,0.3759,0.010710525470539951,180.7715366208679
image_834.png,0.4220,0.21794231173514472,27.847712137233735
image_835.png,0.7228,5.118770408776019,2.8672152310105203
image_836.png,0.7271,7.269942574686352,2.729083350811055
image_837.png,0.7742,9.790401017747916,2.2458452948129883
image_838.png,0.3533,0.004076288629514853,217.78434078648527
image_839.png,0.3294,0.00578755686806843,171.4545089575278
image_840.png,0.6897,3.4913246178167925,3.6743203259619723
image_841.png,0.3174,0.00345857364842159,261.30158309384717
image_842.png,0.4116,0.007360860725422181,165.9549813987804
image_843.png,0.6051,1.5322727034023758,6.76367028017988
image_844.png,0.4402,1.3320331709526094,11.073591268305934
image_845.png,0.3137,0.00341466911350335,253.57149171658216
image_846.png,0.2149,0.0015067427278839252,475.7310796989635
image_847.png,0.3227,0.0018873978700915464,224.17473248998405
image_848.png,0.2364,0.09746854362979787,57.2597729517935
image_849.png,0.6464,5.598552023927031,3.7420262330309346
image_850.png,0.5855,1.4754161033566318,6.470918359936764
image_851.png,0.4177,0.8248092970201303,13.452707071349051
image_852.png,0.4585,0.45435576128318184,14.735564777888099
image_853.png,0.5933,2.814392043223949,4.440116314573839
image_854.png,0.2413,0.0008221266411673903,513.5865498094412
image_855.png,0.7839,8.248550343622316,2.1582421397653673
image_856.png,0.5931,2.707007062523508,5.717965158556068
image_857.png,0.6171,6.662704026182668,3.75329674514977
image_858.png,0.2065,2.2423222651447474e-14,-906524762323259.2
image_859.png,0.5628,3.2598141372127563,4.116724021558986
image_860.png,0.2457,0.0290284421107703,109.3733888244001
image_861.png,0.2127,0.002540281927945969,331.3780513760122
image_862.png,0.2513,-3.422425873366899e-14,-712269456111132.4
image_863.png,0.6587,3.9836200909064696,3.5265992134025796
image_864.png,0.6874,1.621026876955376,4.769061067775822
image_865.png,0.6375,1.5705525584440003,5.531868442544836
image_866.png,0.2707,0.003131378144482928,260.6229159921923
image_867.png,0.4156,2.302425530951658,10.127802685619173
image_868.png,0.5219,1.7502100705128598,6.567593466538298
image_869.png,0.2610,0.013559350260604232,165.17163818882187
image_870.png,0.4717,0.7362376070880724,12.184506408606707
image_871.png,0.2597,2.389621449940711e-15,-2.492943096388963e+16
image_872.png,0.5081,1.7374267467624336,7.068693189360185
image_873.png,0.7399,6.907527645656442,2.7235401007708027
image_874.png,0.6503,2.586167785233497,4.381440707839919
image_875.png,0.2730,-1.2768969579835861e-14,2492943096388963.0
image_876.png,0.6770,8.950363191146765,2.9254381042111666
image_877.png,0.7567,9.071821503117143,2.0604022591446456
image_878.png,0.7250,7.261062540089417,2.7433363664248045
image_879.png,0.2031,-2.9865707777980374e-14,1424538912222264.8
image_880.png,0.7867,9.43708974377667,2.0720974598610256
image_881.png,0.5570,0.8098875181227942,11.411400937953884
image_882.png,0.6817,6.492879512024071,2.899524120597466
image_883.png,0.2433,0.001083292720297982,462.2689600817422
image_884.png,0.6839,4.293644971429509,3.5229944855775446
image_885.png,0.7717,8.680438689246145,2.213488607406258
image_886.png,0.6564,5.649931643511489,3.1269766678121704
image_887.png,0.6919,0.9947466489812608,5.161962945373672
image_888.png,0.5251,0.6835011675379967,10.529233582499018
image_889.png,0.7332,7.998416882334576,2.4665625532705597
image_890.png,0.3919,1.2695937339935481,15.372879123135434
image_891.png,0.4599,0.3930958147309423,10.055820015061375
image_892.png,0.7371,6.3237797658155666,2.387644116428216
image_893.png,0.2136,0.013771154022734895,124.83100057520733
image_894.png,0.7206,3.5715104732373173,2.9140580015597894
image_895.png,0.7745,7.422706157630431,2.693723303897261
image_896.png,0.2542,0.0014690339808258038,397.4816263507071
image_897.png,0.3493,0.0022189026357733637,371.4507481798422
image_898.png,0.2052,0.03214914504488919,105.32916711034441
image_899.png,0.7750,4.949528128051449,2.1863164526568326
image_900.png,0.3388,0.00917998834179674,155.77378660011095
image_901.png,0.6367,6.305870361568242,3.592903512896382
image_902.png,0.7102,6.316904395664892,2.6302869588228486
image_903.png,0.5089,0.49861249887614606,14.23709702648123
image_904.png,0.5346,0.9458576161954733,9.192247838870598
image_905.png,0.2356,4.1604951168128047e-13,-3116178870486204.0
image_906.png,0.7591,12.042701546393554,1.857234282656961
image_907.png,0.4457,0.32216446753526157,21.148848936846157
image_908.png,0.4100,0.4979132993670737,15.475278413633104
image_909.png,0.5842,1.2123578888940636,8.36475685726942
image_910.png,0.4123,0.0030065233515282584,168.69344196332142
image_911.png,0.4106,1.4974109274882605,10.188389084290995
image_912.png,0.2450,0.0027937965687050924,294.74227000407166
image_913.png,0.5231,1.1257857449713324,8.90374599389711
image_914.png,0.5900,5.938131400468731,3.900691854874388
image_915.png,0.2445,0.009042761442188697,205.54497780200708
image_916.png,0.5750,1.6414063250726318,4.966692209888927
image_917.png,0.7730,2.514447167649241,2.9728214352193887
image_918.png,0.4426,0.6014615086357933,13.91700283043442
image_919.png,0.7447,1.6774581191334532,3.63043464885769
image_920.png,0.4050,0.2583757527567592,13.901787570653196
image_921.png,0.6661,5.220315358087245,3.2328354953189717
image_922.png,0.2904,0.07121719007182283,60.207984353656165
image_923.png,0.2549,0.005638978626252587,232.2463982639284
image_924.png,0.5616,1.8765647245567372,6.645844401215415
image_925.png,0.6754,3.219244119988075,3.097976480819772
image_926.png,0.3996,0.012174347308522475,129.1526801449599
image_927.png,0.6314,3.4633637693698915,3.8411555872221026
image_928.png,0.4771,4.515922674247326,5.82956183126437
image_929.png,0.4628,0.3009836010953857,19.88355638403504
image_930.png,0.5637,1.4963908639496257,6.5511093144111525
image_931.png,0.7600,5.081396383826306,2.915204382023733
image_932.png,0.6301,4.0334641398132325,4.473882317654313
image_933.png,0.4579,0.5586885676589963,16.070661497632717
image_934.png,0.3969,0.6498178453117486,16.66113456643507
image_935.png,0.2312,0.01427861311409135,169.13750517683113
image_936.png,0.5115,2.2933389382442915,5.503148229288007
image_937.png,0.3907,0.06730853155946026,50.7914585946414
image_938.png,0.5257,2.613660753887886,5.452830663303941
image_939.png,0.7456,10.412216134507986,2.2817363470136756
image_940.png,0.3619,0.11526411903106097,31.282060425295583
image_941.png,0.3311,0.4780072683650785,22.223392232505123
image_942.png,0.7474,5.401935501453813,2.617979553156203
image_943.png,0.2824,0.012804530594621163,175.82017086524783
image_944.png,0.4575,0.594142662850608,10.35693863984262
image_945.png,0.6179,4.390972834975457,3.8876935973187763
image_946.png,0.2541,0.05769451978088515,79.9411985751314
image_947.png,0.6863,12.558437457312342,2.3444024103271506
image_948.png,0.6171,5.8436742347465,2.9748619309577693
image_949.png,0.6207,3.7209328516224827,3.552064076538834
image_950.png,0.6033,3.5918143059003214,4.4010845968689525
image_951.png,0.5670,2.81017597168875,5.2961243273642475
image_952.png,0.2802,0.007862289817362006,215.73997635768154
image_953.png,0.4090,0.880556720032725,13.734513754067297
image_954.png,0.3570,0.020890210470296076,107.80364345908029
image_955.png,0.5941,2.0429637139644274,4.25167947160098
image_956.png,0.2674,0.014900135737804321,169.06527179724335
image_957.png,0.2000,0.0018325330933833366,423.8421467167293
image_958.png,0.6319,2.7295176671246493,4.962358870015234
image_959.png,0.3737,0.0169776978625001,142.56140505504436
image_960.png,0.5372,4.110300674432641,4.303631943756321
image_961.png,0.4908,2.076551224700529,6.842029223742762
image_962.png,0.3615,0.07876294350991998,58.23090615994811
image_963.png,0.7827,10.006985293050699,2.237769836035093
image_964.png,0.7679,7.031610947779223,2.25570106372323
image_965.png,0.7089,7.297331264464708,2.818130240215551
image_966.png,0.7058,2.6635316877092006,3.774658270187615
image_967.png,0.4318,0.10162145777232988,32.56529840855422
image_968.png,0.5379,1.760077125434834,8.010678230240403
image_969.png,0.2360,7.797644894703479e-13,9971772385555852.0
image_970.png,0.2888,0.021980944889621074,119.54032616788673
image_971.png,0.5616,0.688068482445053,11.363328385222129
image_972.png,0.2102,0.15621582423301408,30.99915476671495
image_973.png,0.6952,3.5290227043781237,3.3963695986514453
image_974.png,0.4573,0.3989829497774783,19.05350823251993
image_975.png,0.5232,2.2932899689997077,7.494615189333358
image_976.png,0.5524,1.476705962088625,6.439781177035141
image_977.png,0.5605,0.8611292518879321,11.788971525107716
image_978.png,0.2395,-1.4476363226511056e-13,692484193441378.6
image_979.png,0.6074,3.6386643417156517,3.9348740993455174
image_980.png,0.6036,2.874680782219151,4.156008158000583
image_981.png,0.4728,0.5800528655590323,12.60381214544633
image_982.png,0.6054,3.0044168453520923,5.021935756224902
image_983.png,0.3436,1.1054279379115045e-14,-744162118325063.6
image_984.png,0.2349,0.0035334062056062506,268.91721651050983
image_985.png,0.5375,0.8708357765873723,10.498991996313354
image_986.png,0.3226,0.0037679781538327915,184.77232138298862
image_987.png,0.4552,0.8879003169619104,10.233132441258295
image_988.png,0.6380,3.4846958779626163,3.8973764752975537
image_989.png,0.2519,0.0124727112228306,143.07060558540303
image_990.png,0.7736,6.087770510943723,2.2574470933162742
image_991.png,0.3263,0.002102120711628876,342.484296295943
image_992.png,0.3641,0.026505984598732043,46.185281293855674
image_993.png,0.6987,12.702119633110458,2.6275337017188627
image_994.png,0.6687,3.89435784109971,3.715612691418024
image_995.png,0.3500,0.01773947706438061,118.67382317283172
image_996.png,0.3587,0.006810509528171425,193.11238150811565
image_997.png,0.2672,-1.3026173109943983e-13,-1994354477111170.5
image_998.png,0.7480,6.933363389898522,2.6911792721852414
image_999.png,0.3366,0.4072276835482604,27.258652860226025
